Case 1
nelem,max_abs_sigma_x_pa,max_abs_sigma_y_pa,max_sigma_vm_pa
10,1.00000000e+06,1.14580614e+05,1.01397839e+06
100,1.01626435e+06,1.36790694e+05,1.02219038e+06
1000,1.08599631e+06,1.87775498e+05,1.03680155e+06

Case 2
nelem,max_abs_sigma_x_pa,max_abs_sigma_y_pa,max_sigma_vm_pa
10,7.53762925e+06,9.59841498e+05,7.21307515e+06
100,3.98761794e+07,4.82312301e+06,3.80191898e+07
1000,5.64148008e+07,6.98701409e+06,5.35065828e+07

Case 3
nelem,max_abs_sigma_x_pa,max_abs_sigma_y_pa,max_sigma_vm_pa
10,6.23814130e+06,1.46618421e+06,1.12234124e+07
100,5.69790700e+07,7.92963225e+06,5.44499708e+07
1000,9.02519171e+07,1.19710724e+07,8.60950646e+07

